node numbers:
 104.112 
 97.5412 100.875 98.884 
 88.1398 95.3668 99.4743 97.3604 91.0824 
 77.9269 86.5055 94.1639 97.8201 96.5658 90.4887 82.3595 
 67.4552 76.4728 85.6567 92.7343 96.476 95.5662 90.3947 82.1729 73.3062 
 56.86 66.0295 75.7918 84.5046 91.4836 95.1773 94.6621 90.0213 82.4973 73.263 64.1068 
 46.2074 55.4216 65.3928 74.7931 83.4612 90.2457 93.9734 93.7575 89.6471 82.5433 73.7779 64.0956 54.8178 
 35.6783 44.7997 54.7996 64.4522 73.8864 82.3846 89.066 92.8203 92.8796 89.2117 82.5719 74.0463 64.6768 54.8004 45.4722 
 25.7813 34.4973 44.2877 53.9207 63.6238 72.9362 81.3321 87.9175 91.7154 92.0164 88.7496 82.5208 74.3168 65.0437 55.4017 45.4627 36.1655 
 17.4186 25.2404 34.3955 43.6472 53.2342 62.7908 72.0122 80.2906 86.8038 90.6471 91.1685 88.2612 82.4235 74.521 65.445 55.827 46.1205 36.2731 27.2045 
 11.4674 18.0044 26.0341 34.3992 43.3846 52.671 62.0564 71.1245 79.2802 85.7231 89.6122 90.3339 87.755 82.2836 74.6923 65.819 56.3453 46.6855 37.1685 27.7104 19.2439 
 8.10347 13.3849 20.0833 27.1658 35.0372 43.4804 52.3905 61.4794 70.3303 78.3252 84.6859 88.6111 89.514 87.2372 82.1159 74.8418 66.2154 56.9258 47.4711 38.1414 29.2111 20.5729 13.1224 
 6.66145 11.0993 16.7194 22.547 29.091 36.2673 44.1161 52.5008 61.174 69.7048 77.4745 83.7159 87.654 88.7155 86.7192 81.9396 75.0027 66.6742 57.6603 48.4955 39.5459 31.0108 23.0907 15.592 9.30549 
 6.20979 10.2582 15.2774 20.2616 25.7285 31.6554 38.1972 45.3762 53.1376 61.2652 69.3557 76.8039 82.8601 86.7673 87.9567 86.2227 81.7883 75.2248 67.2696 58.6356 49.8902 41.4151 33.4384 26.0324 19.2741 12.8562 7.48295 
 6.10984 10.0358 14.8258 19.4206 24.2869 29.3723 34.8445 40.7994 47.3227 54.4028 61.8834 69.4102 76.4198 82.1955 86.0031 87.2773 85.7894 81.7174 75.5846 68.0978 59.9641 51.7556 43.8549 36.458 29.6268 23.2976 17.4517 11.7343 6.8484 
 6.09476 9.99495 14.7258 19.1982 23.8354 28.532 33.4063 38.5294 44.0131 49.9451 56.3525 63.133 69.9981 76.4508 81.8326 85.45 86.7521 85.4941 81.8138 76.1853 69.2731 61.7543 54.1775 46.8966 40.0757 33.732 27.8063 22.176 16.8172 11.4064 6.69454 
 6.09327 9.98995 14.7108 19.1574 23.7354 28.3098 32.9559 37.6939 42.5919 47.7265 53.1768 58.9793 65.0704 71.2262 77.0312 81.9104 85.2388 86.5031 85.457 82.2018 77.1533 70.9115 64.093 57.1942 50.5254 44.2167 38.2693 32.614 27.1725 21.8482 16.6634 11.3413 6.66983 
 6.09318 9.98955 14.7093 19.1524 23.7204 28.2691 32.8564 37.4734 42.1479 46.9121 51.8154 56.9087 62.2167 67.6907 73.1559 78.2781 82.583 85.5414 86.7062 85.8503 83.0426 78.6269 73.1121 67.0256 60.7915 54.6734 48.7815 43.1196 37.6414 32.2876 27.019 21.7831 16.6387 11.333 6.66736 
 6.09318 9.98954 14.7092 19.152 23.7189 28.2641 32.8414 37.4332 42.0507 46.6999 51.3969 56.1624 61.0166 65.9584 70.933 75.7931 80.273 83.9996 86.5554 87.5825 86.8911 84.5234 80.7411 75.943 70.5496 64.9073 59.2409 53.6576 48.1833 42.8025 37.4903 32.223 26.9944 21.7748 16.6362 11.3323 6.66722 
 6.09318 9.98954 14.7092 19.152 23.7188 28.2637 32.84 37.4284 42.0366 46.6629 51.31 55.9803 60.6747 65.3862 70.086 74.7023 79.0975 83.0539 86.2848 88.4787 89.3704 88.8156 86.836 83.6139 79.4379 74.6255 69.4535 64.1209 58.745 53.3806 48.0458 42.742 37.4667 32.2149 26.9919 21.7742 16.636 11.3323 6.66722 
 6.09318 9.98954 14.7092 19.152 23.7188 28.2637 32.8399 37.4281 42.0354 46.6592 51.3 55.9558 60.6226 65.2889 69.9301 74.4964 78.9007 83.006 86.6233 89.5246 91.4755 92.2821 91.837 90.148 87.3366 83.6077 79.2012 74.3452 69.2246 63.9694 58.6597 53.3391 48.0283 42.7356 37.4647 32.2144 26.9918 21.7742 16.636 11.3323 6.66722 